P1 30 60 Z2 50 40 30
P1 30 60 Z0 30 80 15
Z2 50 40 P2 70 20 15
P2 70 20 P4 150 20 60
P4 150 20 Z1 170 40 15
Z1 170 40 P7 190 60 15
P7 190 60 Z10 170 80 15
Z10 170 80 P5 150 100 15
P5 150 100 Z9 150 50 30
Z9 150 50 P4 150 20 30
P5 150 100 P6 70 100 15
P6 70 100 Z4 100 70 15
Z4 100 70 P4 150 20 45
P6 70 100 P3 30 100 15
P3 30 100 Z0 30 80 9
P3 30 100 P11 130 300 45
P11 130 300 P19 130 400 9
Z3 150 400 P8 190 400 30
P8 190 400 P18 190 250 30
P18 190 250 P7 190 60 21
P8 190 400 Z5 300 400 45
P8 190 400 P17 340 250 30
P17 340 250 P18 190 250 15
P17 340 250 Z11 400 250 15
Z11 400 250 P20 450 250 15
P20 450 250 P9 450 400 30
P9 450 400 Z5 300 400 30
P20 450 250 P10 450 60 15
P7 190 60 Z6 220 60 30
Z6 220 60 P12 300 60 15
P12 300 60 P14 300 20 15
P14 300 20 Z7 400 20 15
Z7 400 20 P15 450 20 30 
P15 450 20 P10 450 60 15
P15 450 20 P16 550 20 15
P16 550 20 Z8 550 40 9
Z8 550 40 P13 550 60 6
P13 550 60 P10 450 60 15
P10 450 60 P12 300 60 15
Z3 150 400 P19 130 400 30